%YAML:1.0
model_type: PINHOLE
camera_name: image_06
image_width: 720
image_height: 540
distortion_parameters:
   k1: -0.21030712513646085
   k2: 0.16984549169427343
   p1: 0.0006447710229468281
   p2: -0.000646061441966256
projection_parameters:
   fx: 900.3773875332367
   fy: 899.1778509766538
   cx: 361.38160161775556
   cy: 283.2528439274775
# distortion_parameters:
#    k1: -0.2086607385484864
#    k2: 0.1539408933033932
#    p1: 0.00046369996633142854
#    p2: -0.0006303507193805352
# projection_parameters:
#    fx: 889.3028919015703
#    fy: 887.8018514663769
#    cx: 361.438647489
#    cy: 280.934458778716