%YAML:1.0
model_type: PINHOLE
camera_name: image_01
image_width: 720
image_height: 540
distortion_parameters:
   k1: -0.20865706653052205
   k2: 0.16106518503141096
   p1: 0.0003653751540078383
   p2: -0.0006113070420981505
projection_parameters:
   fx: 894.795894470267
   fy: 895.3559546425868
   cx: 358.56232275970336
   cy: 300.11009933257486
# distortion_parameters:
#    k1: -0.21075936736896436
#    k2: 0.16323979280198103
#    p1: 5.060027981629671e-06
#    p2: 8.671705366115946e-05
# projection_parameters:
#    fx: 890.3108042354397
#    fy: 890.8454719023792
#    cx: 371.6746843591246
#    cy: 275.10004314234504