%YAML:1.0
model_type: PINHOLE
camera_name: image_02
image_width: 720
image_height: 540
distortion_parameters:
   k1: -0.2122881359837774
   k2: 0.17716243515174201
   p1: 0.0012842318812091931
   p2: -0.0012031047646567745
projection_parameters:
   fx: 894.5888418725746
   fy: 895.1534726733224
   cx: 363.58412224427803
   cy: 286.51463590700536
# distortion_parameters:
#    k1: -0.2169954226518854
#    k2: 0.1985362515211341
#    p1: 0.0015368595395781487
#    p2: -0.0013575566228229863
# projection_parameters:
#    fx: 888.2071775103623
#    fy: 888.8510879958354
#    cx: 364.04432657972933
#    cy: 286.39978584019167