%YAML:1.0
model_type: PINHOLE
camera_name: image_03
image_width: 720
image_height: 540
distortion_parameters:
   k1: -0.20865706653052205
   k2: 0.16106518503141096
   p1: 0.0003653751540078383
   p2: -0.0006113070420981505
projection_parameters:
   fx: 894.795894470267
   fy: 895.3559546425868
   cx: 358.56232275970336
   cy: 300.11009933257486
# distortion_parameters:
#    k1: -0.21119644076075605
#    k2: 0.17558486257910363
#    p1: 0.0006023065229339419
#    p2: -0.001165817256043563
# projection_parameters:
#    fx: 888.1279968539766
#    fy: 888.786112846786
#    cx: 358.08835293186627
#    cy: 299.11342634248916