%YAML:1.0
model_type: PINHOLE
camera_name: image_05
image_width: 720
image_height: 540
distortion_parameters:
   k1: -0.20945189270846015
   k2: 0.16593801320614213
   p1: -0.00011706196020931424
   p2: 0.00046573863815787425
projection_parameters:
   fx: 890.9833599993556
   fy: 890.046571583418
   cx: 379.9809935234384
   cy: 283.37513043998644
# distortion_parameters:
#    k1: -0.21075142970197697
#    k2: 0.16651989783667467
#    p1: 4.0118732787539406e-05
#    p2: 0.00019295049175684507
# projection_parameters:
#    fx: 891.0490139190758
#    fy: 889.319772157896
#    cx: 372.4194716468
#    cy: 281.4545206294334