%YAML:1.0
model_type: KANNALA_BRANDT
camera_name: image_04
image_width: 1280
image_height: 1024
distortion_parameters:
   k2: -0.057504608980455875
   k3: -0.03555561603037192
   k4: 0.030555976552383957
   k5: -0.014358151534147164
projection_parameters:
   mu: 539.834690518987
   mv: 538.7141533225924
   u0: 630.8171732844409
   v0: 501.86380820583685

#  Cam-backleft6450
