%YAML:1.0
model_type: KANNALA_BRANDT
camera_name: image_00
image_width: 1280
image_height: 1024
distortion_parameters:
   k2: -0.07015146608431883
   k3: 0.008586142263125124
   k4: -0.021968993685891842
   k5: 0.007442211946112636
projection_parameters:
   mu: 540.645056202188
   mv: 539.8545023658869
   u0: 626.4125666883942
   v0: 523.947634226782


# left