%YAML:1.0
model_type: KANNALA_BRANDT
camera_name: image_02
image_width: 1280
image_height: 1024
distortion_parameters:
   k2: -0.061526128889893804
   k3: -0.00867447574360461
   k4: -0.00984399833727642
   k5: 0.004810173767131135
projection_parameters:
   mu: 538.3154329292029
   mv: 537.4277766778052
   u0: 632.4020370259001
   v0: 509.3609761132556


# Cam-midleft8830

