%YAML:1.0
model_type: KANNALA_BRANDT
camera_name: image_05
image_width: 1280
image_height: 1024
distortion_parameters:
   k2: -0.06681929469733765
   k3: -0.005533273650165602
   k4: -0.006167142895316966
   k5: 0.0018089751112068567
projection_parameters:
   mu: 543.4124571628414
   mv: 542.2071506815953
   u0: 642.967852391304
   v0: 504.2993692252895

# Cam-backright6548
