%YAML:1.0
model_type: KANNALA_BRANDT
camera_name: image_03
image_width: 1280
image_height: 1024
distortion_parameters:
   k2: -0.06329338788105426
   k3: -0.005282288794043655
   k4: -0.01439687642303018
   k5: 0.006593296524853555
projection_parameters:
   mu: 537.2294180909289
   mv: 536.6425889117285
   u0: 635.5687263167875
   v0: 491.9422582452684

# Cam-midright 8827

